['setup/seq/10000', 176.64, 0.10061, 0.14]
['setup/par/10000', 26.259, 0.22329, 0.23345]
['setup/disk/10000', 40.424, 0.085642, 0.19453]
['setup/seq/20000', 352.98, 0.33177, 1.3021]
['setup/par/20000', 52.841, 0.71642, 1.4276]
['setup/disk/20000', 79.085, 0.13512000000000002, 0.17951]
['setup/seq/30000', 528.53, 0.25158, 0.37651999999999997]
['setup/par/30000', 78.566, 0.7951900000000001, 0.9069400000000001]
['setup/disk/30000', 117.87, 0.20655, 0.26148000000000005]
['setup/seq/40000', 707.64, 2.1426, 10.342]
['setup/par/40000', 104.66, 0.89393, 1.1596]
['setup/disk/40000', 157.25, 0.2686, 0.36458999999999997]
['setup/seq/50000', 889.57, 0.67826, 0.8936499999999999]
['setup/par/50000', 130.74, 1.1605, 1.5494]
['setup/disk/50000', 197.31, 0.33514, 0.42116000000000003]
['setup/seq/60000', 1068.3, 0.57578, 0.83357]
['setup/par/60000', 158.3, 2.9387, 5.2574]
['setup/disk/60000', 235.87, 0.4869, 0.6362599999999999]
['setup/seq/70000', 1256.8999999999999, 2.1825, 2.9955]
['setup/par/70000', 183.48, 1.8608, 2.4958]
['setup/disk/70000', 276.69, 0.57068, 0.76585]
['setup/seq/80000', 1441.8999999999999, 15.391, 17.926]
['setup/par/80000', 210.02, 2.6599, 4.0726]
['setup/disk/80000', 319.61, 1.7523, 9.4889]
['setup/seq/90000', 1692.7, 3.1953, 6.2263]
['setup/par/90000', 236.46, 2.3412, 3.2396]
['setup/disk/90000', 359.93, 0.93592, 1.3488]
['setup/seq/100000', 1907.0, 2.767, 4.3378]
['setup/par/100000', 264.68, 5.2157, 8.8413]
['setup/disk/100000', 409.89, 1.1918, 1.5849]
['block_size/512', 129.26, 0.8546900000000001, 1.0152]
['block_size/1024', 91.041, 0.14804, 0.22003]
['block_size/2048', 119.28, 0.31133, 0.3852]
['block_size/4096', 105.16, 0.17884, 0.22516999999999998]
['block_size/8192', 88.465, 1.3836, 5.3278]
['block_size/16384', 91.533, 0.13219, 0.24417]
['block_size/32768', 114.39, 0.085352, 0.11101000000000001]
['block_size/None', 202.08, 0.20098, 1.0493]
['block_size_arr/512', 103.73, 0.7215900000000001, 0.80763]
['block_size_arr/1024', 72.811, 0.4115, 1.5021]
['block_size_arr/2048', 99.563, 0.19425, 0.24972]
['block_size_arr/4096', 85.193, 0.35792, 0.44553]
['block_size_arr/8192', 71.424, 0.14698, 0.18944]
['block_size_arr/16384', 77.281, 0.033146999999999996, 0.050201]
['block_size_arr/32768', 99.688, 0.9865700000000001, 2.1207]
['block_size_arr/None', 183.08, 0.19547, 0.2597]
['100k_d10_flat/lin', 578.76, 1.7026, 2.137]
['100k_d10_flat/lin_par', 137.41, 1.7003, 2.8858]
['100k_d10_flat/seq', 224.87, 0.24991999999999998, 0.38132]
['100k_d10_flat/par', 87.576, 0.66673, 0.74038]
['100k_d10_flat/cull_pop/0.95', 66.302, 0.9341799999999999, 4.3034]
['100k_d10_flat/cull_sim/0.95', 63.194, 0.88516, 1.117]
['100k_d10_flat/cull_all/0.95', 65.492, 0.10338, 0.31482]
['100k_d10_flat/cull_pop/0.9', 62.875, 0.053630000000000004, 0.10926999999999999]
['100k_d10_flat/cull_sim/0.9', 65.703, 0.047674999999999995, 0.070286]
['100k_d10_flat/cull_all/0.9', 64.466, 0.9778, 3.7518]
['100k_d10_flat/cull_pop/0.85', 63.835, 0.051661, 0.071445]
['100k_d10_flat/cull_sim/0.85', 64.484, 0.07607599999999999, 0.12047]
['100k_d10_flat/cull_all/0.85', 64.698, 0.19491, 1.0352]
['100k_d10_flat/cull_pop/0.8', 64.979, 0.063345, 0.10456]
['100k_d10_flat/cull_sim/0.8', 65.527, 0.066966, 0.4135]
['100k_d10_flat/cull_all/0.8', 67.063, 4.3806, 7.2369]
['100k_d10_flat/disk', 294.99, 0.18803999999999998, 0.23644]
['100k_d12_flat/lin', 621.5, 2.178, 6.3185]
['100k_d12_flat/lin_par', 145.95, 1.679, 2.7546]
['100k_d12_flat/seq', 444.48, 0.32449, 0.49967]
['100k_d12_flat/par', 119.7, 1.3469, 1.8954]
['100k_d12_flat/cull_pop/0.95', 105.26, 4.1621, 8.9861]
['100k_d12_flat/cull_sim/0.95', 102.82, 0.11972, 0.23291]
['100k_d12_flat/cull_all/0.95', 102.36, 0.10584, 0.13394]
['100k_d12_flat/cull_pop/0.9', 106.29, 0.094592, 0.12953]
['100k_d12_flat/cull_sim/0.9', 104.71, 0.10463, 0.13525]
['100k_d12_flat/cull_all/0.9', 106.66, 0.11091, 0.15721000000000002]
['100k_d12_flat/cull_pop/0.85', 115.16, 0.12142, 0.16418000000000002]
['100k_d12_flat/cull_sim/0.85', 114.96, 3.9458, 9.0186]
['100k_d12_flat/cull_all/0.85', 115.56, 0.10374, 0.1794]
['100k_d12_flat/cull_pop/0.8', 124.16, 0.067948, 0.08898600000000001]
['100k_d12_flat/cull_sim/0.8', 129.19, 0.063182, 0.083057]
['100k_d12_flat/cull_all/0.8', 126.32, 0.077735, 0.92425]
['100k_d12_flat/disk', 264.48, 0.7575299999999999, 0.98812]
['100k_d14_flat/lin', 651.28, 6.5411, 18.806]
['100k_d14_flat/lin_par', 152.16, 1.6819, 2.9039]
['100k_d14_flat/seq', 724.72, 0.5878099999999999, 2.2245]
['100k_d14_flat/par', 154.6, 1.6519, 2.5843]
['100k_d14_flat/cull_pop/0.95', 144.3, 0.14045, 0.19757]
['100k_d14_flat/cull_sim/0.95', 141.6, 0.083855, 0.10906999999999999]
['100k_d14_flat/cull_all/0.95', 144.85, 0.087556, 0.11458]
['100k_d14_flat/cull_pop/0.9', 157.05, 4.2691, 8.4255]
['100k_d14_flat/cull_sim/0.9', 151.8, 0.13265000000000002, 0.22913]
['100k_d14_flat/cull_all/0.9', 155.14, 0.089322, 0.11543]
['100k_d14_flat/cull_pop/0.85', 161.27, 0.077455, 0.096547]
['100k_d14_flat/cull_sim/0.85', 162.5, 0.19109, 0.2535]
['100k_d14_flat/cull_all/0.85', 160.86, 0.16022, 0.25939]
['100k_d14_flat/cull_pop/0.8', 167.21, 4.1702, 8.3181]
['100k_d14_flat/cull_sim/0.8', 164.46, 0.10489, 0.13168000000000002]
['100k_d14_flat/cull_all/0.8', 165.9, 0.08472, 0.11343]
['100k_d14_flat/disk', 258.41, 0.33079000000000003, 0.42876]
['100k_d16_flat/lin', 645.09, 0.64105, 4.4039]
['100k_d16_flat/lin_par', 151.32, 1.7605, 3.012]
['100k_d16_flat/seq', 712.29, 0.73551, 1.0984]
['100k_d16_flat/par', 179.17, 5.6502, 10.05]
['100k_d16_flat/cull_pop/0.95', 174.01, 0.166, 0.23407]
['100k_d16_flat/cull_sim/0.95', 173.74, 0.094649, 0.12637]
['100k_d16_flat/cull_all/0.95', 176.71, 0.16959, 0.23704]
['100k_d16_flat/cull_pop/0.9', 177.24, 0.12521, 0.16257]
['100k_d16_flat/cull_sim/0.9', 175.8, 0.096523, 0.13831]
['100k_d16_flat/cull_all/0.9', 179.61, 0.10155, 0.13434000000000001]
['100k_d16_flat/cull_pop/0.85', 180.82, 3.8962, 7.652]
['100k_d16_flat/cull_sim/0.85', 179.52, 0.18074, 3.1566]
['100k_d16_flat/cull_all/0.85', 180.15, 0.096029, 0.12761]
['100k_d16_flat/cull_pop/0.8', 180.03, 0.09171599999999999, 0.11639000000000001]
['100k_d16_flat/cull_sim/0.8', 180.82, 0.20844, 0.26217]
['100k_d16_flat/cull_all/0.8', 182.61, 0.42137, 0.47173000000000004]
['100k_d16_flat/disk', 253.78, 1.9147, 7.8929]
['100k_d18_flat/lin', 835.24, 1.8726, 10.753]
['100k_d18_flat/lin_par', 190.28, 1.8915, 2.797]
['100k_d18_flat/seq', 836.97, 1.1859, 2.2554]
['100k_d18_flat/par', 199.96, 2.857, 4.4709]
['100k_d18_flat/cull_pop/0.95', 198.95, 0.12859, 0.16403]
['100k_d18_flat/cull_sim/0.95', 198.57, 0.15728999999999999, 0.20197]
['100k_d18_flat/cull_all/0.95', 199.99, 3.9417, 7.6142]
['100k_d18_flat/cull_pop/0.9', 195.0, 0.25898000000000004, 0.35812]
['100k_d18_flat/cull_sim/0.9', 193.39, 0.13065000000000002, 0.17187]
['100k_d18_flat/cull_all/0.9', 194.13, 0.15543, 0.20693]
['100k_d18_flat/cull_pop/0.85', 195.69, 0.14721, 0.19188999999999998]
['100k_d18_flat/cull_sim/0.85', 195.39, 0.17799, 0.2328]
['100k_d18_flat/cull_all/0.85', 195.04, 0.18866, 0.38459]
['100k_d18_flat/cull_pop/0.8', 198.32, 3.9541, 7.7428]
['100k_d18_flat/cull_sim/0.8', 195.87, 0.21181, 1.3307]
['100k_d18_flat/cull_all/0.8', 195.28, 0.14908000000000002, 0.20589]
['100k_d18_flat/disk', 264.01, 0.18696000000000002, 0.38441000000000003]
['100k_d20_flat/lin', 911.07, 2.8565, 12.019]
['100k_d20_flat/lin_par', 221.63, 1.4495, 2.1402]
['100k_d20_flat/seq', 866.91, 1.3845, 2.2578]
['100k_d20_flat/par', 216.65, 3.0876, 5.0689]
['100k_d20_flat/cull_pop/0.95', 218.36, 0.22588, 0.30098]
['100k_d20_flat/cull_sim/0.95', 212.66, 0.19346000000000002, 0.26145999999999997]
['100k_d20_flat/cull_all/0.95', 214.28, 0.19529, 0.25511]
['100k_d20_flat/cull_pop/0.9', 215.27, 4.4938, 8.4389]
['100k_d20_flat/cull_sim/0.9', 209.49, 0.15703999999999999, 0.20965999999999999]
['100k_d20_flat/cull_all/0.9', 208.43, 0.11183, 0.14590999999999998]
['100k_d20_flat/cull_pop/0.85', 210.07, 0.61619, 0.73663]
['100k_d20_flat/cull_sim/0.85', 211.25, 1.6199, 5.0786]
['100k_d20_flat/cull_all/0.85', 209.38, 0.15908, 0.32702]
['100k_d20_flat/cull_pop/0.8', 213.63, 4.2422, 7.9937]
['100k_d20_flat/cull_sim/0.8', 208.81, 0.16374, 0.21756]
['100k_d20_flat/cull_all/0.8', 207.17, 0.67335, 0.75303]
['100k_d20_flat/disk', 273.25, 0.26463, 1.3185]
['100k_d22_flat/lin', 905.43, 0.45169, 0.66877]
['100k_d22_flat/lin_par', 219.35, 1.3014, 1.9539]
['100k_d22_flat/seq', 1079.0, 1.3373, 2.0428]
['100k_d22_flat/par', 222.91, 6.0678, 9.6551]
['100k_d22_flat/cull_pop/0.95', 220.45, 0.33377999999999997, 1.1979]
['100k_d22_flat/cull_sim/0.95', 220.28, 0.1884, 0.39349]
['100k_d22_flat/cull_all/0.95', 220.69, 0.2536, 0.34508]
['100k_d22_flat/cull_pop/0.9', 220.46, 0.19196000000000002, 0.26295999999999997]
['100k_d22_flat/cull_sim/0.9', 220.37, 0.25706, 0.55748]
['100k_d22_flat/cull_all/0.9', 222.17, 4.6845, 8.7635]
['100k_d22_flat/cull_pop/0.85', 220.65, 0.18922, 0.24705000000000002]
['100k_d22_flat/cull_sim/0.85', 222.58, 0.20579, 0.27172]
['100k_d22_flat/cull_all/0.85', 222.65, 0.28914, 0.37411]
['100k_d22_flat/cull_pop/0.8', 221.19, 0.15494999999999998, 0.20288]
['100k_d22_flat/cull_sim/0.8', 217.92, 0.16209, 0.21121]
['100k_d22_flat/cull_all/0.8', 219.65, 0.19675, 0.2646]
['100k_d22_flat/disk', 273.12, 9.217, 18.099]
['100k_d24_flat/lin', 888.45, 0.7183200000000001, 1.7009]
['100k_d24_flat/lin_par', 234.14, 1.5804, 2.2829]
['100k_d24_flat/seq', 981.54, 0.7988999999999999, 1.3461]
['100k_d24_flat/par', 251.72, 3.3678, 5.3387]
['100k_d24_flat/cull_pop/0.95', 247.62, 0.30260000000000004, 0.41242]
['100k_d24_flat/cull_sim/0.95', 249.6, 0.82136, 4.055]
['100k_d24_flat/cull_all/0.95', 245.41, 0.65916, 6.4305]
['100k_d24_flat/cull_pop/0.9', 236.33, 0.23905, 0.30023]
['100k_d24_flat/cull_sim/0.9', 238.69, 0.24127, 0.32075]
['100k_d24_flat/cull_all/0.9', 234.71, 0.20617, 3.0891]
['100k_d24_flat/cull_pop/0.85', 240.4, 0.3742, 0.4645]
['100k_d24_flat/cull_sim/0.85', 239.59, 0.20946, 0.26936]
['100k_d24_flat/cull_all/0.85', 242.36, 5.0311, 9.1356]
['100k_d24_flat/cull_pop/0.8', 238.24, 0.27531, 0.35129000000000005]
['100k_d24_flat/cull_sim/0.8', 240.25, 0.19647, 0.2572]
['100k_d24_flat/cull_all/0.8', 240.0, 0.58801, 0.7260700000000001]
['100k_d24_flat/disk', 294.9, 0.21483000000000002, 0.28289]
['100k_d26_flat/lin', 926.61, 0.34011, 0.47028]
['100k_d26_flat/lin_par', 229.05, 5.8097, 10.326]
['100k_d26_flat/seq', 1044.1000000000001, 1.7581, 5.6439]
['100k_d26_flat/par', 241.33, 3.1523, 5.3416]
['100k_d26_flat/cull_pop/0.95', 238.03, 0.17176, 0.21659]
['100k_d26_flat/cull_sim/0.95', 236.1, 0.1713, 0.23909]
['100k_d26_flat/cull_all/0.95', 236.16, 0.54375, 0.62541]
['100k_d26_flat/cull_pop/0.9', 234.92, 0.23408, 3.2476]
['100k_d26_flat/cull_sim/0.9', 239.78, 5.3675, 10.097]
['100k_d26_flat/cull_all/0.9', 237.26, 0.18044, 0.24467]
['100k_d26_flat/cull_pop/0.85', 237.11, 0.16165000000000002, 0.22834000000000002]
['100k_d26_flat/cull_sim/0.85', 237.89, 0.15465, 0.20502]
['100k_d26_flat/cull_all/0.85', 236.93, 0.23425, 0.33515]
['100k_d26_flat/cull_pop/0.8', 236.94, 0.37874, 0.8900800000000001]
['100k_d26_flat/cull_sim/0.8', 238.33, 5.3901, 9.9994]
['100k_d26_flat/cull_all/0.8', 237.92, 0.34828, 0.46099]
['100k_d26_flat/disk', 282.47, 0.15284999999999999, 0.18905000000000002]
['100k_d28_flat/lin', 962.33, 1.1724, 1.6305]
['100k_d28_flat/lin_par', 226.16, 1.4232, 2.0841]
['100k_d28_flat/seq', 1077.3999999999999, 0.47089, 0.6504500000000001]
['100k_d28_flat/par', 248.29, 7.2897, 12.366]
['100k_d28_flat/cull_pop/0.95', 246.07, 0.32941000000000004, 0.40326999999999996]
['100k_d28_flat/cull_sim/0.95', 242.74, 0.17872, 0.23305]
['100k_d28_flat/cull_all/0.95', 245.0, 0.17434, 0.25364]
['100k_d28_flat/cull_pop/0.9', 247.75, 0.5193, 1.5286]
['100k_d28_flat/cull_sim/0.9', 242.94, 0.17269, 0.25966]
['100k_d28_flat/cull_all/0.9', 244.1, 0.41887, 0.5178200000000001]
['100k_d28_flat/cull_pop/0.85', 250.36, 5.9331, 10.543]
['100k_d28_flat/cull_sim/0.85', 243.83, 0.20525, 0.27632]
['100k_d28_flat/cull_all/0.85', 244.75, 0.22413999999999998, 0.28757]
['100k_d28_flat/cull_pop/0.8', 246.15, 0.17980000000000002, 0.23187]
['100k_d28_flat/cull_sim/0.8', 245.38, 0.29299000000000003, 0.41088]
['100k_d28_flat/cull_all/0.8', 244.29, 0.26039, 0.68536]
['100k_d28_flat/disk', 289.72, 0.11461, 0.151]
['100k_d30_flat/lin', 996.7, 3.9773, 5.7377]
['100k_d30_flat/lin_par', 237.93, 1.8167, 2.823]
['100k_d30_flat/seq', 1207.2, 0.41088, 0.59196]
['100k_d30_flat/par', 285.1, 3.0859, 5.2342]
['100k_d30_flat/cull_pop/0.95', 278.03, 0.16952, 0.32794]
['100k_d30_flat/cull_sim/0.95', 278.99, 0.31543, 1.8683]
['100k_d30_flat/cull_all/0.95', 282.35, 6.1578, 11.05]
['100k_d30_flat/cull_pop/0.9', 262.21, 0.22309, 0.29242]
['100k_d30_flat/cull_sim/0.9', 261.55, 0.27964, 0.40094]
['100k_d30_flat/cull_all/0.9', 262.21, 0.32977999999999996, 1.0046]
['100k_d30_flat/cull_pop/0.85', 265.04, 0.40143, 0.63652]
['100k_d30_flat/cull_sim/0.85', 259.76, 0.29534, 1.0343]
['100k_d30_flat/cull_all/0.85', 259.07, 0.27416, 0.41326999999999997]
['100k_d30_flat/cull_pop/0.8', 266.43, 6.8077, 11.817]
['100k_d30_flat/cull_sim/0.8', 258.39, 0.18856, 0.26552]
['100k_d30_flat/cull_all/0.8', 258.62, 0.17172, 0.22275]
['100k_d30_flat/disk', 317.46, 0.33538999999999997, 0.43457]